Coefficients
-------------
Constant: 3526.422
Beta1:  90.02031
Beta2:  1.26899
Beta3:  23.40624
Beta4:  722.4607

ID, Actual values, Fitted values 
 -------------------------------- 
1, 3900, 4630.072
2, 4020, 4646.304
3, 4290, 5315.198
4, 4380, 4418.296
5, 4380, 4396.539
6, 4380, 4770.509
7, 4380, 4840.728
8, 4380, 4752.814
9, 4440, 5018.713
10, 4500, 4382.791
11, 4500, 5061.536
12, 4620, 4742.872
13, 4800, 4803.539
14, 4800, 5152.623
15, 4800, 4901.5
16, 4800, 5018.531
17, 4800, 5201.549
18, 4800, 5351.15
19, 4800, 5094.386
20, 4800, 5504.558
21, 4800, 5113.557
22, 4800, 5589.404
23, 4980, 5235.279
24, 5100, 5140.813
25, 5100, 5003.443
26, 5100, 5009.224
27, 5100, 5046.067
28, 5100, 5179.735
29, 5100what is the path to the data?which analysis do you want?(1 = regression or 2 = classification)Select the training data coding format(1 = 'a b c' or 2 = 'a,b,c': )5308.32
38, 5400, 4897.128
39, 5400, 5424.755
40, 5400, 5169.825
41, 5400, 5389.504
42, 5400, 5453.094
43, 5400, 4939.706
44, 5400, 5211.464
45, 5400, 5570.876
46, 5400, 5432.976
47, 5400, 5803.949
48, 5520, 5127.664
49, 5520, 5604.387
50, 5580, 5476.994
51, 5640, 4887.116
52, 5700, 5259.218
53, 5700, 5339.659
54, 5700, 5339.351
55, 5700, 5211.604
56, 5700, 5978.365
57, 6000, 5462.401
58, 6000, 5280.624
59, 6120, 5362.781
60, 6300, 5488.839
61, 6300, 5520.957
62, 4620, 5858.657
63, 5040, 5687.172
64, 5100, 5908.638
65, 5100, 5775.671
66, 5220, 5693.615
67, 5400, 5829.54
68, 5400, 5634.817
69, 5400, 5542.741
70, 5400, 5808.645
71, 5400, 6312.223
72, 5700, 5761.902
73, 6000, 5866.653
74, 6000, 5406.395
75, 6000, 5767.64
76, 6000, 5578.557
77, 6000, 6172.596
78, 6000, 5906.381
79, 6000, 6119.01
80, 6000, 5935.193
81, 6000, 6393.236
82, 6000, 5951.126
83, 6000, 6452.809
84, 6000, 6110.738
85, 6000, 5817.166
86, 6300, 6088.461
87, 6600, 6054.903
88, 6600, 6478.188
89, 6600, 6247.155
90, 6840, 5815.694
91, 6900, 5785.262
92, 6900, 6328.444
93, 8100, 6530.773

Model Summary
-------------
R-square =  0.5108737 
MSE =  257476.6